33333333333333444444444444444442222222221111111111111111111111111
30000000000000000000000000000000000000000000000000000000000000002
30000000000000000000333333333330000000000000000000000000000000333
30000000000000000003033330000033333333333330000000000030010000333
30000000333333333333300033333333333330000033333333333330110000003
30000330000200000333333333333300000033333333333330000033333330333
10100033330000000002200200000333333333333300000033333333333330000
10100000033330000000000000000020000000000333333333333300000030333
10100000000033330000000000000000000000000000000000000333333330333
10100000000000033330000000000000000000000000000000000000000022222
10100000000000000033330000000000000000000000000000000000000400000
10100000000000000000033330000000000000000000000000000000000400004
10100000000000000000000033332222200000000000000000000000000400000
10100000000000000000000000033330222222000000000000000000000400000
10100000000000000000000000000033330002200000000000000000000400000
10100000000000000000000000000000033322200000000000000000000400000
10100000000000000000000000000000000033322220000000000000000400000
10100000000000000000000000000000000000333322220002000000000400000
10100000000000000000000000000000000000000333322222200000004400000
10100000000000000000000000000000000000000000333320000000004000000
10100000000000000000000000000000000000000000000333300000004000000
10100000000000000000000000000000000000000000000000303300004000000
10100000000000000000000000000000000000000000000000000333304400000
10100000000000000000000000000000000000000000000000000000333300000
10100000000000000000000000000000000000000000000002210000000333300
10100000000000000000000000000000000000000000000222010000000000333
10100000000000000000000000000000000000000000002200010000000000000
10100000000000000000000000000000000000000000022000011000000000000
10100000000000000000000000000000000000000002220000001000000000000
10100000000000000000000000000000000000000022000000001000000000000
10100000000000000000000000000000000000000220000000001000000000000
10100000000000000000000000000000000000002200000000001000000000000
10100000000000000000000000000000000000222000000000001000000000000
10100000000000000000000000000000000002200000000000001000000000000
10100000000000000000000000000000000022000000000000001000000000000
10100000000000000000000000000000002220000000000000001000000000000
10100000000000000000000000000000022000000000000000001000000000000
10000000000000000000000000000000220000000000000000001000000000000
00100000000000222200000000000002200000000000000000001000000000000
10100000002222200000000000000222000000000000000000001100000000000
10100222220000000022000000002200000000000000000000000100000000000
10122200000000000220000000022000000000000000000000000100000000000
10100000000000002200000002220000000000000000000000000100000000000
10100000000000002000000022000000000000000000000000000100000000000
10100000000000022000000220000000000000000000000000000100000000000
00100000000000220000002200000000000000000000000000000100000000000
00100000000002200000222000000000000000000000000000000100000000000
00100000000022000002200000000000000000000000000000000100000000000
00100000000220000022000000000000000000000000000000000100000000000
00100000000200002220000000000000000000000000000000000100000000000
00100000002200022000000000000000000000000000000000000100000000000
00100000022000220000000000000000000000000000000000000100000000000
00100000220002200000000000000000000000000000000000000110000000000
00100002200222000000000000000000000000000000000000000010000000000
00100022002200000000000000000000000000000000000000000010000000000
00100220022000000000000000000000000000000000000000000010000000000
00100202220000000000000000000000000000000000000000000010000000000
00102222000000000000000000000000000000000000000000000010000000000
00122220000000000000000000000000000000000000000000000010000000000
00122200000000000000000000000000000000000000000000000010000000000
00122000000000000000000000000000000000000000000000000010000000000
00100000000000000000000000000000000000000000000000000010000000000
00100000000000000000000000000000000000000000000000000010000000000
01100000000000000000000000000000000000000000000000000010100000000
00000000000000000000000000000000000000000000000000000000000000000