000000000000000000000000000000000003333333333
000000000000003333333333333333333333000000000
000003333333333000000000000000000000000000000
000000033000000000000000000000000000000000000
000300003333330000000000000000000000000000000
000300300000033333300000000000000000000000000
001300330000000000333333000000000000000000000
001300033000000000000003333333000000000000000
001300003300000000000000000003333330000000000
001300000330000000000000000000000033333300000
001330000033000000000000000000000000000333333
001030000003300000000000000000000000000000003
001030000000330000000000000000000000000000000
001030000000033000000000000000000000000000000
001030000000003300000000000000000000000000000
001030000000000330000000000000000000000000000
001030000000000033000000000000000000000000000
001030000000000003300000000000000000000000000
001030000000000000330000000000000000000000000
001030000000000000033000000000000000000000000
001030000000000000003300000000000000000000000
001030000000000000000330000000000000000000000
001030000000000000000033000000000000000000000
001130000000000000000003300000000000000000000
000130000000000000000000330000000000000000000
000130000000000000000000033000000000000000000
000130000000000000000000003300000000000000000
000130000000000000000000000330000000000000000
000130000000000000000000000033000000000000000
000130000000000000000000000003300000000000000
000130000000000000000000000000330000000000000
000103000000000000000000000000033000000000000
000103000000000000000000000000003300000000000
000103000000000000000000000000000330000000000
000103000000000000000000000000000033000000000
000103000000000000000000000000000003300000000
000103000000000000000000000000000000330000000
000103000000000000000000000000000000033000000
000103000000000000000000000000000000003300000
000101000000000000000000000000000000000330000
000101000000000000000000000000000000000033000
000101000000000000000000000000000000000003300
000101000000000000000000000000000000000000330
000111000000000000000000000000000000000000033
000011000000000000000000000000000000000000003
000011000000000000000000000000000000000000000
000011000000000000000000000000000000000000000
000011000000000000000000000000000000000000000
000011000000000000000000000000000000000000000
000011000000000000000000000000000000000000000
000011000000000000000000000000000000000000000
000011100000000000000000000000000000000000000
000010100000000000000000000000000000000000000
000010100000000000000000000000000000000000000
000010100000000000000000000000000000000000000
000010100000000000000000000000000000000000000
000010100000000000000000000000000000000000000