2000000000000000300000000303000000000033
2000000000000000000000000000000000000030
2000000000000000000000000000000000000030
2000000000000000000000000000000000000000
2200000000000000000000000000000000000000
2000000000000000000000000000000000000000
2200000000000000000000000000000000000000
2200000000000000000000000000000000000000
2222000000000000000000000000000000000003
2220000000000000000000000000000000000000
2220000000000000000000000000000000000000
2200000000000000000000000000000000000000
2200000000000000000000000000000000000000
2000000000000000000000000000000000000000
2000000000000000000000000000000000000000
2000000000000000000000000000000000000003
0000000000000000000000000000000000000003
2000000000000000000000000000000000000000
2000000000010000000000000000000000000003
2000000000010000000000000000000000000000
2000000000011000000000000000000000000000
2000000000001000000000000000000000000000
2000000000001000000000000000000000000000
2000000000001000000000000000000000000000
2000000000001100000000000000000000000000
2000000000000100000000000000000000000003
2000000000000100000000000000000000000003
2000000000000100000000000000000000000003
2000000000000110000000000000000000000000
2000000000000010000000000000000000000000
2000000000000010000000000000000000000000
2000000000000010000000000000000000000000
2000000000000011000000000000000000000033
0000000000000001000000000000000000000003
2000000000000001000000000000000000040004
2000000000000001000000000000000000002444
2000000000000001100000000000000000002400
2000000000000000100000000000000000000033
2000000000000000100000000000000000000033
2000000000000000100000000000000000000040
2000000000000000110000000000000000000003
2000000000000000010000000000000000000003
2000000000000000010000000000000000000003
20000000000000000100000000000000000000033
2000000000000000011000000000000000000003
2000000000000000000000000000000000000003
2000000000000000001000000200000000000003
2000000000000000001000002200000000000003
2000000000000000001100022000000000000003
2000000000033330000102220000000000000003
2000000000000033333122000000000000000003
2000000000220000003120000000000000000003
2000000000020000000110000000000000100003
2000000030020000000010000000000010110003
2000030030020000000013000020010011011003
2000030030320000000013000020110011001003
2000033030020000000011000020110011101133
2000003030020000000001000022110000100110
2000003030022000000001000002010000110013
2000003030002000000001000002011000010003
2000003330002000000001100002001000011003
2000000300002000000000100002001000001003
2000000300002000000000100002201100001100
2000000300002000000000100000000000000103
2000000300002000000000110000222000003120
2000000300002200000000000222200110003023
2000000300000200000000222200200111003300
2000000300000000002222210000220101010303
2000000000000202222000011000020101011330
2000000300002222000000001000020111001030
2000003322222200000000001000020011101033
2000000220000220000000001000020010101003
2022223000000020000000001100022010101103
1220003000000020000000000100002010100103
0000003000000020000000000100002011110102
0000003000000020000000000100002001010103
0000003000000020000000000110002001010113
0000003000000020000000000010002201010010
0000003000000022000000000010000201011022
0000003000000002000000000010000201101002
0000033000000002000000000011000200101002
0000030000000002000000000001000200101002
0000030000000002000000000001000220101102
0000030000000002000000000001000020100100
0000030000000002000000000001100020110103
0000030000000002200000000000100020010103
0000030000000000200000000000100020010110
0000030000000000200000000000100022010010
0000030000000000200000000000110002010010
0000030000000000200000000000010002011013
0000330000000000200000000000010002001013
0000300000000000200000000000010002001000
0000300000000000220000000000011002201000
0000300000000000020000000000001000201000
0000300000000000020000000000001000201100
0000300000000000020000000000001000200100
0000300000000000020000000000001100200103
0000300000000000020000000000000100220103
0000300000000000022000000000000100020103
0000300000000000002000000000000100020110
0000300000000000002000000000000110020010
0003300000000000002000000000000010020010
0003000000000000002000000000000010022010
0003000000000000002000000000000010002010
0003000000000000002000000000000011002013
0003000000000000002200000000000001002003
0003000000000000000200000000000001002003
0003000000000000000200000000000001002203
0003000000000000000200000000000001100200
0003000000000000000200000000000000100200
0003000000000000000200000000000000100200
0033000000000000000200000000000000100200
0030000000000000000220000000000000110220
0030000000000000000020000000000000010020
0030000000000000000020000000000000010020
0030000000000000000020000000000000010020
0030000000000000000020000000000000011020
0030000000000000000020000000000000001020
0030000000000000000020000000000000001002
0030000000000000000022000000000000001002
0030000000000000000002000000000000001102
0330000000000000000002000000000000000103
0300000000000000000001000000000000000100
0300000000000000000001000000000000000100
0300000000000000000001000000000000000110
0300000000000000000001100000000000000010
0300000000000000000000100000000000000010
0300000000000000000000100000000000000010
0300000000000000000000100000000000000011
0300000000000000000000100000000000000001
0300000000000000000000100000000000000001
3300000000000000000000100000000000000001
3000000000000000000000110000000000000001
3000000000000000000000010000000000000000
3000000000000000000000010000000000000000
3000000000000000000000010000000000000000
3000000000000000000000010000000000000000
3000000000000000000000010000000000000000
3000000000000000000000010000000000000000
3000000000000000000000011000000000000000
3000000000000000000000001000000000000000
3000000000000000000000001000000000000000
0000000000000000000000001000000000000000
0000000000000000000000001000000000000000
0000000000000000000000001000000000000000
0000000000000000000000001100000000000000
0000000000000000000000000100000000000000
0000000000000000000000000100000000000000
0000000000000000000000000100000000000000
0000000000000000000000000100000000000000
0000000000000000000000000100000000000000
0000000000000000000000000100000000000000
0000000000000000000000000110000000000000
0000000000000000000000000010000000000000
0000000000000000000000000010000000000000
0000000000000000000000000010000000000000
0000000000000000000000000010000000000000
0000000000000000000000000010000000000000
0000000000000000000000000010000000000000
0000000000000000000000000011000000000000
0000000000000000000000000001000000000000
0000000000000000000000000001000000000000
0000000000000000000000000001000000000000
0000000000000000000000000001000000000000
0000000000000000000000000001000000000000
0000000000000000000000000001000000000000
0000000000000000000000000001100000000000
0000000000000000000000000000100000000000
0000000000000000000000000000100000000000
0000000000000000000000000000100000000000
0000000000000000000000000000100000000000
0000000000000000000000000000100000000000
0000000000000000000000000000110000000000
0000000000000000000000000000010000000000
0000000000000000000000000000010000000000
0000000000000000000000000000010000000000
0000000000000000000000000000010000000000
0000000000000000000000000000010000000000
0000000000000000000000000000010000000000
0000000000000000000000000000011000000000
0000000000000000000000000000001000000000
0000000000000000000000000000001000000000
0000000000000000000000000000001000000000
0000000000000000000000000000001000000000
0000000000000000000000000000001000000000
0000000000000000000000000000001000000000
0000000000000000000000000000001100000000
0000000000000000000000000000000100000000
0000000000000000000000000000000100000000
0000000000000000000000000000000100000000
0000000000000000000000000000000100000000
0000000000000000000000000000000100000000
0000000000000000000000000000000100000000
0000000000000000000000000000000110000000
0000000000000000000000000000000010000000
0000000000000000000000000000000010000000
0000000000000000000000000000000010000000
0000000000000000000000000000000010000000
0000000000000000000000000000000010000000
0000000000000000000000000000000011000000
0000000000000000000000000000000001000000
0000000000000000000000000000000001000000
0000000000000000000000000000000001000000
0000000000000000000000000000000001000000
0000000000000000000000000000000001000000
0000000000000000000000000000000001000000
0000000000000000000000000000000001100000
0000000000000000000000000000000000100000
0000000000000000000000000000000000100000
0000000000000000000000000000000000100000
0000000000000000000000000000000000100000
0000000000000000000000000000000000100000
0000000000000000000000000000000000100000
0000000000000000000000000000000000110000
0000000000000000000000000000000000010000
0000000000000000000000000000000000010000
0000000000000000000000000000000000010000
0000000000000000000000000000000000010000
0000000000000000000000000000000000010000
0000000000000000000000000000000000010000
0000000000000000000000000000000000011000
0000000000000000000000000000000000001000
0000000000000000000000000000000000001000
0000000000000000000000000000000000001000
0000000000000000000000000000000000001000
0000000000000000000000000000000000001000
0000000000000000000000000000000000001100
0000000000000000000000000000000000000100
0000000000000000000000000000000000000100
0000000000000000000000000000000000000100
0000000000000000000000000000000000000100
0000000000000000000000000000000000000100
0000000000000000000000000000000000000100
0000000000000000000000000000000000000110
0000000000000000000000000000000000000010
0000000000000000000000000000000000000010
0000000000000000000000000000000000000010
0000000000000000000000000000000000000010
0000000000000000000000000000000000000010
0000000000000000000000000000000000000010
0000000000000000000000000000000000000011
0000000000000000000000000000000000000001
0000000000000000000000000000000000000001
0000000000000000000000000000000000000001
0000000000000000000000000000000000000001
0000000000000000000000000000000000000001
0000000000000000000000000000000000000001
0000000000000000000000000000000000000001
0000000000000000000000000000000000000000
0000000000000000000000000000000000000000
0000000000000000000000000000000000000000
0000000000000000000000000000000000000000
0000000000000000000000000000000000000000
0000000000000000000000000000000000000000
0000000000000000000000000000000000000000
0000000000000000000000000000000000000000
0000000000000000000000000000000000000000
0000000000000000000000000000000000000000
0000000000000000000000000000000000000000
0000000000000000000000000000000000000000
0000000000000000000000000000000000000000
0000000000000000000000000000000000000000
0000000000000000000000000000000000000000
0000000000000000000000000000000000000000
0000000000000000000000000000000000000000
0000000000000000000000000000000000000000
0000000000000000000000000000000000000000
0000000000000000000000000000000000000000
0000000000000000000000000000000000000000
0000000000000000000000000000000000000000
0000000000000000000000000000000000000000
0000000000000000000000000000000000000000
0000000000000000000000000000000000000000
0000000000000000000000000000000000000000
0000000000000000000000000000000000000000
0000000000000000000000000000000000000000
0000000000000000000000000000000000000000
0000000000000000000000000000000000000000
0000000000000000000000000000000000000000
0000000000000000000000000000000000000000
0000000000000000000000000000000000000000
0000000000000000000000000000000000000000
0000000000000000000000000000000000000000
0000000000000000000000000000000000000000
0000000000000000000000000000000000000000
0000000000000000000000000000000000000000
0000000000000000000000000000000000000000
0000000000000000000000000000000000000000
0000000000000000000000000000000000000000
0000000000000000000000000000000000000000
0000000000000000000000000000000000000000
0000000000000000000000000000000000000000
0000000000000000000000000000000000000000
0000000000000000000000000000000000000000
0000000000000000000000000000000000000000
0000000000000000000000000000000000000000
0000000000000000000000000000000000000000
0000000000000000000000000000000000000000
0000000000000000000000000000000000000000
0000000000000000000000000000000000300000