M
000000000000000000000000600000000000000000000
000000000000000000000000000000000000000000000
000000000000000000000000000000000000000000000
000000000000000000000000000000000000000000000
000000000000000000000000000000000000000000000
000000000000000006110000000000000066000000000
000000000000000000011111110000000006666666666
000000000000000000000000011111110000000000000
000000000000000000000000000000011111110000000
000000000000000000000000000000000000011111110
000000000000000000000000000000000000000000011
000000000000000000000000000000000000000000000
000000000000000000000000000000000000000000000